2021-01-06 08:49:17.734
            61       0              60       0              59       0              58       0              58       0  
2021-01-06 08:49:17.846
            56       0              54       0              53       0              50       0              48       0  
2021-01-06 08:49:17.902
            46       0              42       0              38       0              34       0              29       0  
2021-01-06 08:49:18.007
            26       0              26       0              32       0              42       0              54       0  
2021-01-06 08:49:18.114
            66       0              75       0              81       0              83       0              82       0  
2021-01-06 08:49:18.222
            80       0              77       0              74       0              69       0              65       0  
2021-01-06 08:49:18.327
            60       0              57       0              54       0              51       0              50       0  
2021-01-06 08:49:18.395
            48       0              46       0              44       0              43       0              40       0  
2021-01-06 08:49:18.495
            38       0              35       0              33       0              30       0              28       0  
2021-01-06 08:49:18.598
            27       0              25       0              24       0              23       0              23       0  
2021-01-06 08:49:18.700
            25       0              30       0              37       0              46       0              56       0  
2021-01-06 08:49:18.904
            66       0              72       0              72       0              68       0              62       0  
2021-01-06 08:49:19.058
            56       0              54       0              51       0              50       0              49       0  
2021-01-06 08:49:19.163
            48       0              47       0              45       0              43       0              41       0  
2021-01-06 08:49:19.268
            39       0              37       0              35       0              34       0              32       0  
2021-01-06 08:49:19.373
            31       0              30       0              30       0              32       0              36       0  
2021-01-06 08:49:19.528
            44       0              53       0              62       0              70       0              74       0  
2021-01-06 08:49:19.532
            76       0              76       0              74       0              72       0              69       1  
2021-01-06 08:49:19.646
            66       0              62       0              57       0              54       0              51       0  
2021-01-06 08:49:19.751
            49       0              48       0              47       0              46       0              45       0  
2021-01-06 08:49:19.855
            43       0              42       0              41       0              39       0              38       0  
2021-01-06 08:49:19.960
            36       0              34       0              33       0              32       0              33       0  
2021-01-06 08:49:20.114
            37       0              44       0              62       0              76       0              83       0  
2021-01-06 08:49:20.269
            82       0              74       1              65       0              60       0              56       0  
2021-01-06 08:49:20.373
            53       0              52       0              51       0              49       0              48       0  
2021-01-06 08:49:20.477
            46       0              43       0              40       0              38       0              36       0  
2021-01-06 08:49:20.632
            34       0              32       0              31       0              30       0              32       0  
2021-01-06 08:49:20.686
            38       0              47       0              59       0              73       0              85       0  
2021-01-06 08:49:20.790
            93       0              97       0              98       0              97       0              95       0  
2021-01-06 08:49:21.044
            91       0              87       1              81       0              77       0              72       0  
2021-01-06 08:49:21.048
            69       0              66       0              65       0              63       0              62       0  
2021-01-06 08:49:21.050
            61       0              59       0              57       0              55       0              53       0  
2021-01-06 08:49:21.153
            50       0              46       0              43       0              41       0              40       0  
2021-01-06 08:49:21.308
            43       0              51       0              68       0              89       0              95       0  
2021-01-06 08:49:21.463
            91       0              84       1              78       0              74       0              71       0  
2021-01-06 08:49:21.567
            70       0              69       0              69       0              67       0              66       0  
2021-01-06 08:49:21.671
            64       0              63       0              61       0              58       0              55       0  
2021-01-06 08:49:21.776
            51       0              48       0              43       0              40       0              40       0  
2021-01-06 08:49:21.895
            44       0              51       0              61       0              71       0              78       0  
2021-01-06 08:49:21.949
            82       0              83       0              83       0              82       0              81       0  
2021-01-06 08:49:22.053
            79       1              76       0              72       0              67       0              63       0  
2021-01-06 08:49:22.158
            60       0              57       0              55       0              52       0              49       0  
2021-01-06 08:49:22.313
            44       0              39       0              34       0              27       0              20       0  
2021-01-06 08:49:22.367
            12       0              5       0              0       0              0       0              0       0  
2021-01-06 08:49:22.544
            0       0              10       0              22       0              47       0              57       0  
2021-01-06 08:49:22.648
            55       0              42       1              28       0              20       0              16       0  
2021-01-06 08:49:22.751
            13       0              12       0              12       0              11       0              10       0  
2021-01-06 08:49:22.855
            8       0              5       0              1       0              0       0              0       0  
2021-01-06 08:49:22.945
            0       0              0       0              0       0              0       0              4       0  
2021-01-06 08:49:23.048
            14       0              26       0              39       0              48       0              53       0  
2021-01-06 08:49:23.151
            55       0              56       0              54       0              51       0              46       1  
2021-01-06 08:49:23.255
            41       0              35       0              29       0              24       0              19       0  
2021-01-06 08:49:23.359
            14       0              10       0              7       0              6       0              6       0  
2021-01-06 08:49:23.463
            7       0              9       0              10       0              9       0              6       0  
2021-01-06 08:49:23.567
            3       0              0       0              2       0              9       0              18       0  
2021-01-06 08:49:23.722
            30       0              41       0              48       0              51       0              46       0  
2021-01-06 08:49:23.878
            37       1              28       0              22       0              21       0              22       0  
2021-01-06 08:49:24.033
            23       0              23       0              24       0              24       0              23       0  
2021-01-06 08:49:24.087
            22       0              20       0              18       0              16       0              15       0  
2021-01-06 08:49:24.191
            18       0              25       0              35       0              48       0              61       0  
2021-01-06 08:49:24.245
            72       0              79       0              83       0              84       0              83       0  
2021-01-06 08:49:24.350
            80       0              77       0              72       1              67       0              62       0  
2021-01-06 08:49:24.454
            58       0              54       0              52       0              51       0              50       0  
2021-01-06 08:49:24.558
            49       0              47       0              45       0              43       0              40       0  
2021-01-06 08:49:24.663
            37       0              34       0              31       0              28       0              26       0  
2021-01-06 08:49:24.767
            25       0              26       0              32       0              41       0              54       0  
2021-01-06 08:49:24.924
            67       0              78       0              85       0              88       0              86       0  
2021-01-06 08:49:25.187
            80       1              71       0              63       0              56       0              53       0  
2021-01-06 08:49:25.242
            51       0              49       0              48       0              46       0              44       0  
2021-01-06 08:49:25.296
            42       0              40       0              38       0              35       0              33       0  
2021-01-06 08:49:25.402
            32       0              32       0              34       0              39       0              47       0  
2021-01-06 08:49:25.507
            55       0              63       0              69       0              72       0              73       0  
2021-01-06 08:49:25.612
            71       0              69       0              66       1              63       0              59       0  
2021-01-06 08:49:25.717
            56       0              53       0              50       0              49       0              48       0  
2021-01-06 08:49:25.822
            47       0              46       0              45       0              44       0              42       0  
2021-01-06 08:49:25.926
            40       0              38       0              36       0              34       0              32       0  
2021-01-06 08:49:26.031
            32       0              33       0              37       0              43       0              51       0  
2021-01-06 08:49:26.136
            59       0              65       0              69       0              69       0              67       0  
2021-01-06 08:49:26.342
            62       1              56       0              52       0              50       0              49       0  
2021-01-06 08:49:26.397
            47       0              46       0              43       0              41       0              38       0  
2021-01-06 08:49:26.501
            36       0              34       0              32       0              30       0              31       0  
2021-01-06 08:49:26.604
            34       0              40       0              48       0              57       0              64       0  
2021-01-06 08:49:26.709
            69       0              71       0              71       0              70       0              67       0  
2021-01-06 08:49:26.813
            64       1              60       0              57       0              54       0              51       0  
2021-01-06 08:49:26.918
            49       0              47       0              46       0              45       0              44       0  
2021-01-06 08:49:27.023
            42       0              41       0              39       0              37       0              35       0  
2021-01-06 08:49:27.178
            34       0              32       0              33       0              37       0              47       0  
2021-01-06 08:49:27.233
            57       0              65       0              72       0              76       0              74       0  
2021-01-06 08:49:27.338
            71       0              70       0              70       0              68       1              67       0  
2021-01-06 08:49:27.594
            61       0              51       0              46       0              42       0              40       0  
2021-01-06 08:49:27.598
            38       0              37       0              33       0              27       0              20       0  
2021-01-06 08:49:27.701
            12       0              4       0              0       0              0       0              6       0  
2021-01-06 08:49:27.856
            17       0              33       0              51       0              67       0              78       0  
2021-01-06 08:49:27.911
            84       0              87       0              86       0              84       0              81       1  
2021-01-06 08:49:28.016
            76       0              70       0              64       0              58       0              52       0  
2021-01-06 08:49:28.120
            48       0              45       0              43       0              40       0              37       0  
2021-01-06 08:49:28.225
            34       0              31       0              27       0              24       0              21       0  
2021-01-06 08:49:28.330
            19       0              17       0              17       0              21       0              29       0  
2021-01-06 08:49:28.395
            41       0              56       0              70       0              81       0              87       0  
2021-01-06 08:49:28.500
            89       0              87       0              84       0              79       0              74       1  
2021-01-06 08:49:28.705
            66       0              56       0              51       0              46       0              40       0  
2021-01-06 08:49:28.810
            32       0              28       0              23       0              19       0              14       0  
2021-01-06 08:49:28.915
            10       0              11       0              18       0              31       0              47       0  
2021-01-06 08:49:29.019
            65       0              80       0              90       0              95       0              96       0  
2021-01-06 08:49:29.124
            94       0              90       0              85       0              79       1              72       0  
2021-01-06 08:49:29.280
            65       0              60       0              55       0              53       0              51       0  
2021-01-06 08:49:29.334
            50       0              48       0              46       0              42       0              39       0  
2021-01-06 08:49:29.440
            35       0              31       0              26       0              23       0              23       0  
2021-01-06 08:49:29.495
            28       0              39       0              53       0              69       0              83       0  
2021-01-06 08:49:29.600
            94       0              99       0              101       0              100       0              98       0  
2021-01-06 08:49:29.705
            94       0              89       1              83       0              78       0              73       0  
2021-01-06 08:49:29.910
            69       0              63       0              57       0              51       0              43       0  
2021-01-06 08:49:30.015
            34       0              28       0              27       0              32       0              41       0  
2021-01-06 08:49:30.170
            55       0              69       0              81       0              88       0              91       0  
2021-01-06 08:49:30.225
            90       0              88       0              86       0              82       0              78       1  
2021-01-06 08:49:30.330
            73       0              68       0              64       0              60       0              58       0  
2021-01-06 08:49:30.435
            56       0              54       0              53       0              51       0              49       0  
2021-01-06 08:49:30.540
            47       0              44       0              41       0              38       0              35       0  
2021-01-06 08:49:30.595
            32       0              31       0              33       0              38       0              47       0  
2021-01-06 08:49:30.700
            58       0              68       0              77       0              82       0              83       0  
2021-01-06 08:49:30.855
            83       0              81       0              77       0              73       1              69       0  
2021-01-06 08:49:30.909
            64       0              59       0              56       0              53       0              52       0  
2021-01-06 08:49:31.114
            51       0              49       0              45       0              40       0              36       0  
2021-01-06 08:49:31.270
            31       0              29       0              33       0              41       0              51       0  
2021-01-06 08:49:31.374
            62       0              73       0              79       0              82       0              83       0  
2021-01-06 08:49:31.479
            81       0              78       0              74       0              69       1              65       0  
2021-01-06 08:49:31.585
            60       0              57       0              54       0              53       0              52       0  
2021-01-06 08:49:31.639
            51       0              50       0              48       0              46       0              44       0  
2021-01-06 08:49:31.795
            41       0              39       0              36       0              34       0              31       0  
2021-01-06 08:49:31.850
            30       0              32       0              37       0              45       0              55       0  
2021-01-06 08:49:31.954
            66       0              74       0              80       0              81       0              81       0  
2021-01-06 08:49:32.059
            79       0              75       0              71       1              67       0              62       0  
2021-01-06 08:49:32.164
            58       0              55       0              53       0              52       0              51       0  
2021-01-06 08:49:32.320
            50       0              49       0              45       0              39       0              33       0  
2021-01-06 08:49:32.475
            28       0              30       0              40       0              50       0              61       0  
2021-01-06 08:49:32.580
            71       0              78       0              82       0              83       0              82       0  
2021-01-06 08:49:32.684
            80       0              78       0              75       1              71       0              67       0  
