2021-01-06 08:50:13.853
            28       1              26       0              25       0              24       0              23       0  
2021-01-06 08:50:13.968
            23       0              22       0              22       0              26       0              33       0  
2021-01-06 08:50:14.075
            44       0              56       0              69       0              78       0              83       0  
2021-01-06 08:50:14.203
            84       0              83       0              80       0              76       0              72       1  
2021-01-06 08:50:14.252
            68       0              63       0              60       0              57       0              55       0  
2021-01-06 08:50:14.301
            54       0              53       0              52       0              51       0              49       0  
2021-01-06 08:50:14.451
            46       0              43       0              40       0              37       0              35       0  
2021-01-06 08:50:14.553
            32       0              28       0              26       0              22       0              16       0  
2021-01-06 08:50:14.753
            19       0              35       0              60       0              76       0              88       0  
2021-01-06 08:50:14.852
            94       0              95       0              93       0              88       0              83       0  
2021-01-06 08:50:14.955
            78       1              72       0              65       0              60       0              55       0  
2021-01-06 08:50:15.052
            53       0              51       0              50       0              49       0              47       0  
2021-01-06 08:50:15.151
            44       0              41       0              37       0              34       0              30       0  
2021-01-06 08:50:15.251
            26       0              22       0              19       0              17       0              15       0  
2021-01-06 08:50:15.352
            13       0              11       0              10       0              9       0              10       0  
2021-01-06 08:50:15.451
            15       0              25       0              41       0              59       0              77       0  
2021-01-06 08:50:15.551
            90       0              98       0              100       0              97       0              93       0  
2021-01-06 08:50:15.601
            88       0              83       1              77       0              71       0              65       0  
2021-01-06 08:50:15.802
            60       0              56       0              53       0              51       0              46       0  
2021-01-06 08:50:15.951
            39       0              31       0              25       0              21       0              18       0  
2021-01-06 08:50:16.051
            16       0              14       0              13       0              11       0              10       0  
2021-01-06 08:50:16.201
            10       0              14       0              23       0              38       0              56       0  
2021-01-06 08:50:16.251
            74       0              88       0              97       0              99       0              98       0  
2021-01-06 08:50:16.402
            94       0              89       0              83       1              77       0              70       0  
2021-01-06 08:50:16.451
            64       0              59       0              55       0              53       0              52       0  
2021-01-06 08:50:16.552
            51       0              51       0              49       0              47       0              44       0  
2021-01-06 08:50:16.651
            40       0              36       0              32       0              28       0              24       0  
2021-01-06 08:50:16.701
            21       0              18       0              16       0              14       0              12       0  
2021-01-06 08:50:16.901
            10       0              9       0              9       0              12       0              20       0  
2021-01-06 08:50:17.002
            35       0              53       0              73       0              102       0              106       0  
2021-01-06 08:50:17.151
            96       0              83       1              69       0              61       0              58       0  
2021-01-06 08:50:17.252
            56       0              54       0              53       0              51       0              49       0  
2021-01-06 08:50:17.351
            47       0              43       0              40       0              36       0              33       0  
2021-01-06 08:50:17.451
            30       0              27       0              25       0              22       0              21       0  
2021-01-06 08:50:17.551
            19       0              18       0              17       0              18       0              23       0  
2021-01-06 08:50:17.651
            32       0              45       0              61       0              76       0              87       0  
2021-01-06 08:50:17.751
            93       0              94       0              91       0              87       0              81       1  
2021-01-06 08:50:17.801
            76       0              70       0              64       0              59       0              55       0  
2021-01-06 08:50:18.002
            52       0              51       0              50       0              50       0              49       0  
2021-01-06 08:50:18.051
            47       0              44       0              41       0              38       0              34       0  
2021-01-06 08:50:18.202
            31       0              28       0              25       0              22       0              19       0  
2021-01-06 08:50:18.353
            17       0              17       0              34       0              57       0              81       0  
2021-01-06 08:50:18.452
            92       0              97       0              97       0              93       0              88       0  
2021-01-06 08:50:18.552
            82       0              76       1              70       0              64       0              60       0  
2021-01-06 08:50:18.651
            56       0              54       0              54       0              54       0              53       0  
2021-01-06 08:50:18.752
            52       0              50       0              47       0              44       0              41       0  
2021-01-06 08:50:18.851
            37       0              34       0              31       0              28       0              26       0  
2021-01-06 08:50:18.901
            23       0              22       0              22       0              26       0              35       0  
2021-01-06 08:50:19.052
            49       0              65       0              80       0              90       0              95       0  
2021-01-06 08:50:19.151
            94       0              90       0              84       0              77       1              70       0  
2021-01-06 08:50:19.251
            64       0              58       0              53       0              50       0              49       0  
2021-01-06 08:50:19.401
            49       0              48       0              48       0              47       0              43       0  
2021-01-06 08:50:19.551
            38       0              33       0              28       0              25       0              23       0  
2021-01-06 08:50:19.652
            22       0              21       0              20       0              20       0              22       0  
2021-01-06 08:50:19.751
            30       0              44       0              62       0              81       0              98       0  
2021-01-06 08:50:19.851
            108       0              112       0              110       0              105       0              99       0  
2021-01-06 08:50:19.951
            92       0              84       1              78       0              71       0              66       0  
2021-01-06 08:50:20.052
            62       0              59       0              58       0              57       0              56       0  
2021-01-06 08:50:20.156
            54       0              51       0              48       0              44       0              41       0  
2021-01-06 08:50:20.301
            38       0              35       0              32       0              30       0              28       0  
2021-01-06 08:50:20.351
            26       0              24       0              23       0              22       0              21       0  
2021-01-06 08:50:20.451
            24       0              31       0              44       0              60       0              77       0  
2021-01-06 08:50:20.601
            91       0              100       0              102       0              99       0              91       0  
2021-01-06 08:50:20.751
            77       1              64       0              54       0              50       0              48       0  
2021-01-06 08:50:20.901
            46       0              43       0              40       0              36       0              33       0  
2021-01-06 08:50:20.951
            28       0              25       0              21       0              18       0              15       0  
2021-01-06 08:50:21.051
            13       0              11       0              10       0              9       0              8       0  
2021-01-06 08:50:21.153
            7       0              9       0              16       0              28       0              45       0  
2021-01-06 08:50:21.257
            64       0              80       0              91       0              95       0              93       0  
2021-01-06 08:50:21.401
            88       0              81       0              73       1              66       0              59       0  
2021-01-06 08:50:21.451
            53       0              48       0              46       0              45       0              45       0  
2021-01-06 08:50:21.552
            46       0              46       0              44       0              42       0              39       0  
2021-01-06 08:50:21.651
            36       0              33       0              30       0              27       0              24       0  
2021-01-06 08:50:21.801
            22       0              20       0              19       0              20       0              25       0  
2021-01-06 08:50:22.002
            50       0              81       0              94       0              86       0              71       1  
2021-01-06 08:50:22.102
            61       0              56       0              54       0              54       0              55       0  
2021-01-06 08:50:22.201
            58       0              61       0              63       0              62       0              60       0  
2021-01-06 08:50:22.251
            56       0              51       0              45       0              39       0              32       0  
2021-01-06 08:50:22.452
            25       0              18       0              11       0              3       0              0       0  
2021-01-06 08:50:22.551
            0       0              0       0              10       0              22       0              33       0  
2021-01-06 08:50:22.651
            41       0              43       0              42       0              38       0              34       0  
2021-01-06 08:50:22.701
            29       0              24       0              18       0              12       0              7       0  
2021-01-06 08:50:22.801
            4       0              3       0              2       0              2       0              1       0  
2021-01-06 08:50:22.951
            0       0              0       0              0       0              0       0              0       0  
2021-01-06 08:50:23.002
            0       0              0       0              0       0              0       0              0       0  
2021-01-06 08:50:23.201
            0       0              0       0              0       0              29       0              70       0  
2021-01-06 08:50:23.301
            80       0              77       0              72       0              66       0              60       1  
2021-01-06 08:50:23.351
            53       0              47       0              41       0              36       0              33       0  
2021-01-06 08:50:23.551
            32       0              31       0              29       0              27       0              24       0  
2021-01-06 08:50:23.601
            20       0              15       0              9       0              4       0              0       0  
2021-01-06 08:50:23.701
            0       0              0       0              0       0              0       0              0       0  
2021-01-06 08:50:23.801
            0       0              0       0              0       0              0       0              6       0  
2021-01-06 08:50:23.902
            28       0              53       0              75       0              91       0              98       0  
2021-01-06 08:50:24.001
            99       0              97       0              94       0              90       0              85       1  
2021-01-06 08:50:24.101
            81       0              77       0              74       0              72       0              70       0  
2021-01-06 08:50:24.201
            68       0              66       0              63       0              59       0              55       0  
2021-01-06 08:50:24.401
            52       0              48       0              48       0              53       0              58       0  
2021-01-06 08:50:24.502
            60       0              61       0              65       0              75       0              90       0  
2021-01-06 08:50:24.706
            107       0              118       0              119       0              115       0              106       0  
2021-01-06 08:50:24.709
            93       0              86       0              83       0              80       1              77       0  
2021-01-06 08:50:24.801
            74       0              72       0              69       0              68       0              66       0  
2021-01-06 08:50:24.901
            65       0              65       0              64       0              62       0              61       0  
2021-01-06 08:50:25.001
            59       0              57       0              55       0              53       0              51       0  
2021-01-06 08:50:25.101
            50       0              48       0              47       0              46       0              45       0  
2021-01-06 08:50:25.201
            45       0              45       0              47       0              50       0              56       0  
2021-01-06 08:50:25.301
            62       0              68       0              72       0              73       0              73       0  
2021-01-06 08:50:25.402
            71       0              69       0              66       1              63       0              60       0  
2021-01-06 08:50:25.702
            58       0              54       0              52       0              51       0              50       0  
2021-01-06 08:50:26.009
            48       0              45       0              44       0              42       0              41       0  
2021-01-06 08:50:26.014
            40       0              38       0              37       0              36       0              36       0  
2021-01-06 08:50:26.052
            35       0              37       0              40       0              45       0              51       0  
2021-01-06 08:50:26.054
            57       0              62       0              64       0              65       0              63       0  
2021-01-06 08:50:26.151
            62       0              59       0              57       1              55       0              52       0  
2021-01-06 08:50:26.201
            51       0              50       0              49       0              49       0              50       0  
2021-01-06 08:50:26.301
            50       0              51       0              51       0              51       0              51       0  
2021-01-06 08:50:26.452
            50       0              49       0              47       0              46       0              44       0  
2021-01-06 08:50:26.501
            43       0              42       0              41       0              42       0              45       0  
2021-01-06 08:50:26.602
            50       0              56       0              62       0              66       0              68       0  
2021-01-06 08:50:26.756
            69       0              67       0              63       0              59       1              55       0  
2021-01-06 08:50:26.901
            51       0              50       0              48       0              47       0              46       0  
2021-01-06 08:50:27.001
            44       0              43       0              41       0              39       0              38       0  
2021-01-06 08:50:27.151
            36       0              30       0              24       0              18       0              12       0  
2021-01-06 08:50:27.201
            6       0              8       0              13       0              24       0              38       0  
2021-01-06 08:50:27.301
            55       0              71       0              83       0              89       0              89       0  
2021-01-06 08:50:27.401
            86       0              81       0              74       0              68       1              61       0  
2021-01-06 08:50:27.501
            55       0              50       0              46       0              43       0              42       0  
2021-01-06 08:50:27.601
            42       0              41       0              40       0              38       0              36       0  
2021-01-06 08:50:27.702
            32       0              29       0              26       0              23       0              20       0  
2021-01-06 08:50:27.856
            17       0              15       0              13       0              11       0              10       0  
2021-01-06 08:50:27.951
            8       0              8       0              12       0              37       0              73       0  
2021-01-06 08:50:28.151
            94       0              93       0              81       0              71       1              65       0  
2021-01-06 08:50:28.251
            59       0              55       0              52       0              50       0              50       0  
2021-01-06 08:50:28.352
            50       0              49       0              47       0              45       0              42       0  
2021-01-06 08:50:28.451
            38       0              35       0              31       0              28       0              25       0  
2021-01-06 08:50:28.551
            22       0              19       0              17       0              15       0              13       0  
2021-01-06 08:50:28.651
            12       0              11       0              14       0              22       0              36       0  
2021-01-06 08:50:28.754
            53       0              72       0              87       0              96       0              99       0  
2021-01-06 08:50:28.801
            97       0              91       0              85       0              78       1              70       0  
2021-01-06 08:50:29.002
            64       0              58       0              55       0              52       0              52       0  
2021-01-06 08:50:29.053
            52       0              52       0              51       0              50       0              47       0  
2021-01-06 08:50:29.151
            44       0              41       0              37       0              32       0              25       0  
2021-01-06 08:50:29.351
            21       0              17       0              16       0              33       0              48       0  
2021-01-06 08:50:29.451
            66       0              83       0              94       0              100       0              99       0  
2021-01-06 08:50:29.551
            95       0              90       0              84       1              79       0              73       0  
2021-01-06 08:50:29.701
            69       0              66       0              64       0              63       0              63       0  
2021-01-06 08:50:29.751
            62       0              61       0              58       0              55       0              52       0  
2021-01-06 08:50:29.902
            48       0              45       0              41       0              38       0              35       0  
2021-01-06 08:50:29.952
            32       0              29       0              27       0              25       0              23       0  
2021-01-06 08:50:30.055
            22       0              20       0              20       0              25       0              36       0  
2021-01-06 08:50:30.151
            50       0              67       0              83       0              94       0              99       0  
2021-01-06 08:50:30.252
            98       0              95       0              90       0              85       0              79       1  
2021-01-06 08:50:30.351
            73       0              68       0              63       0              57       0              43       0  
2021-01-06 08:50:30.552
            28       0              19       0              12       0              2       0              0       0  
2021-01-06 08:50:30.651
            0       0              0       0              0       0              0       0              0       0  
2021-01-06 08:50:30.751
            2       0              10       0              18       0              27       0              39       0  
2021-01-06 08:50:30.851
            56       0              76       0              98       0              116       0              123       0  
2021-01-06 08:50:31.002
            120       0              112       0              103       0              96       0              96       1  
2021-01-06 08:50:31.005
            100       0              105       0              107       0              108       0              109       0  
2021-01-06 08:50:31.152
            110       0              111       0              112       0              112       0              109       0  
2021-01-06 08:50:31.251
            104       0              97       0              90       0              83       0              77       0  
2021-01-06 08:50:31.351
            71       0              65       0              60       0              55       0              51       0  
2021-01-06 08:50:31.451
            48       0              50       0              56       0              66       0              77       0  
2021-01-06 08:50:31.551
            87       0              93       0              94       0              91       0              82       0  
2021-01-06 08:50:31.751
            66       0              50       0              37       0              29       0              23       0  
2021-01-06 08:50:31.851
            19       0              15       0              11       0              7       0              2       0  
2021-01-06 08:50:31.955
            0       0              0       0              0       0              0       0              0       0  
2021-01-06 08:50:32.101
            0       0              0       0              0       0              9       0              23       0  
2021-01-06 08:50:32.152
            40       0              57       0              70       0              77       0              79       0  
2021-01-06 08:50:32.255
            77       0              74       0              69       0              63       1              58       0  
2021-01-06 08:50:32.351
            52       0              47       0              42       0              38       0              35       0  
2021-01-06 08:50:32.451
            33       0              30       0              27       0              24       0              21       0  
2021-01-06 08:50:32.552
            18       0              14       0              11       0              8       0              6       0  
2021-01-06 08:50:32.652
            4       0              2       0              0       0              1       0              5       0  
2021-01-06 08:50:32.751
            14       0              25       0              38       0              49       0              55       0  
2021-01-06 08:50:32.951
            57       0              51       0              42       1              34       0              30       0  
2021-01-06 08:50:33.101
            29       0              29       0              28       0              27       0              27       0  
2021-01-06 08:50:33.151
            26       0              26       0              26       0              26       0              26       0  
2021-01-06 08:50:33.252
            26       0              26       0              26       0              28       0              34       0  
2021-01-06 08:50:33.355
            42       0              53       0              64       0              73       0              79       0  
2021-01-06 08:50:33.451
            81       0              79       0              75       0              69       0              62       1  
2021-01-06 08:50:33.554
            55       0              49       0              44       0              39       0              35       0  
2021-01-06 08:50:33.702
            33       0              32       0              32       0              32       0              32       0  
2021-01-06 08:50:33.751
            31       0              31       0              31       0              30       0              30       0  
2021-01-06 08:50:33.851
            30       0              30       0              30       0              31       0              32       0  
2021-01-06 08:50:33.951
            35       0              43       0              53       0              66       0              79       0  
2021-01-06 08:50:34.201
            94       0              99       0              94       0              84       1              74       0  
2021-01-06 08:50:34.251
            65       0              62       0              60       0              58       0              57       0  
2021-01-06 08:50:34.352
            57       0              56       0              56       0              55       0              54       0  
2021-01-06 08:50:34.455
            53       0              52       0              52       0              54       0              59       0  
2021-01-06 08:50:34.551
            66       0              75       0              83       0              88       0              90       0  
2021-01-06 08:50:34.651
            90       0              87       0              83       0              80       1              75       0  
2021-01-06 08:50:34.752
            71       0              67       0              65       0              65       0              65       0  
2021-01-06 08:50:34.851
            66       0              65       0              64       0              61       0              58       0  
2021-01-06 08:50:34.951
            53       0              48       0              42       0              35       0              28       0  
2021-01-06 08:50:35.052
            20       0              14       0              10       0              10       0              13       0  
2021-01-06 08:50:35.151
            19       0              25       0              31       0              35       0              36       0  
2021-01-06 08:50:35.351
            35       0              32       0              26       0              19       0              14       0  
2021-01-06 08:50:35.451
            13       0              13       0              14       0              13       0              13       0  
2021-01-06 08:50:35.651
            12       0              10       0              9       0              8       0              7       0  
2021-01-06 08:50:35.701
            7       0              6       0              6       0              10       0              17       0  
2021-01-06 08:50:35.801
            27       0              38       0              49       0              56       0              60       0  
2021-01-06 08:50:35.901
            61       0              61       0              59       0              57       0              54       1  
2021-01-06 08:50:36.006
            51       0              48       0              45       0              42       0              40       0  
2021-01-06 08:50:36.102
            39       0              38       0              37       0              36       0              36       0  
2021-01-06 08:50:36.202
            35       0              33       0              32       0              30       0              28       0  
2021-01-06 08:50:36.351
            27       0              25       0              24       0              23       0              26       0  
2021-01-06 08:50:36.401
            34       0              44       0              55       0              66       0              75       0  
2021-01-06 08:50:36.553
            78       0              78       0              73       0              65       1              56       0  
2021-01-06 08:50:36.706
            50       0              46       0              45       0              45       0              44       0  
2021-01-06 08:50:36.801
            44       0              42       0              41       0              39       0              37       0  
2021-01-06 08:50:36.901
            35       0              33       0              30       0              28       0              26       0  
2021-01-06 08:50:37.001
            28       0              33       0              42       0              53       0              65       0  
2021-01-06 08:50:37.101
            75       0              82       0              84       0              84       0              83       0  
2021-01-06 08:50:37.201
            81       0              79       0              77       0              76       1              75       0  
2021-01-06 08:50:37.301
            74       0              73       0              72       0              72       0              71       0  
2021-01-06 08:50:37.401
            70       0              69       0              67       0              65       0              63       0  
2021-01-06 08:50:37.501
            62       0              60       0              59       0              58       0              57       0  
2021-01-06 08:50:37.551
            56       0              57       0              60       0              65       0              70       0  
2021-01-06 08:50:37.802
            76       0              81       0              84       0              82       0              77       1  
2021-01-06 08:50:37.901
            72       0              67       0              64       0              63       0              62       0  
2021-01-06 08:50:38.001
            61       0              60       0              59       0              58       0              56       0  
2021-01-06 08:50:38.101
            55       0              54       0              52       0              50       0              49       0  
2021-01-06 08:50:38.201
            47       0              45       0              45       0              47       0              50       0  
2021-01-06 08:50:38.301
            56       0              61       0              67       0              70       0              72       0  
2021-01-06 08:50:38.401
            72       0              71       0              70       0              67       1              64       0  
2021-01-06 08:50:38.501
            61       0              58       0              55       0              53       0              52       0  
2021-01-06 08:50:38.601
            51       0              50       0              49       0              49       0              48       0  
2021-01-06 08:50:38.704
            47       0              46       0              45       0              45       0              44       0  
2021-01-06 08:50:38.808
            43       0              42       0              41       0              42       0              45       0  
2021-01-06 08:50:38.951
            50       0              55       0              63       0              68       0              66       0  
2021-01-06 08:50:39.101
            61       1              56       0              51       0              49       0              47       0  
2021-01-06 08:50:39.201
            46       0              46       0              45       0              45       0              44       0  
2021-01-06 08:50:39.301
            43       0              43       0              42       0              41       0              40       0  
2021-01-06 08:50:39.401
            39       0              38       0              37       0              35       0              35       0  
2021-01-06 08:50:39.506
            37       0              41       0              46       0              53       0              59       0  
2021-01-06 08:50:39.602
            63       0              68       0              71       0              72       0              72       0  
2021-01-06 08:50:39.701
            71       0              66       1              61       0              57       0              53       0  
2021-01-06 08:50:39.802
            51       0              49       0              48       0              47       0              46       0  
2021-01-06 08:50:39.906
            44       0              43       0              41       0              39       0              37       0  
2021-01-06 08:50:40.002
            35       0              32       0              30       0              28       0              28       0  
2021-01-06 08:50:40.252
            31       0              38       0              48       0              71       0              83       0  
2021-01-06 08:50:40.351
            82       0              73       0              62       1              56       0              51       0  
2021-01-06 08:50:40.451
            49       0              49       0              49       0              49       0              49       0  
2021-01-06 08:50:40.551
            48       0              47       0              45       0              42       0              39       0  
2021-01-06 08:50:40.701
            36       0              33       0              31       0              29       0              29       0  
2021-01-06 08:50:40.751
            34       0              42       0              53       0              65       0              77       0  
2021-01-06 08:50:40.851
            85       0              89       0              89       0              86       0              82       0  
2021-01-06 08:50:40.901
            77       0              71       1              65       0              60       0              56       0  
2021-01-06 08:50:41.103
            52       0              50       0              49       0              48       0              47       0  
2021-01-06 08:50:41.201
            46       0              45       0              43       0              41       0              39       0  
2021-01-06 08:50:41.251
            36       0              34       0              31       0              29       0              28       0  
2021-01-06 08:50:41.351
            27       0              28       0              34       0              43       0              61       0  
2021-01-06 08:50:41.602
            82       0              88       0              82       0              73       1              65       0  
2021-01-06 08:50:41.651
            57       0              54       0              52       0              50       0              50       0  
2021-01-06 08:50:41.751
            49       0              48       0              47       0              45       0              42       0  
2021-01-06 08:50:41.851
            40       0              38       0              35       0              33       0              31       0  
2021-01-06 08:50:41.952
            29       0              27       0              27       0              31       0              39       0  
2021-01-06 08:50:42.001
            50       0              63       0              74       0              83       0              88       0  
2021-01-06 08:50:42.201
            90       0              89       0              87       0              83       0              78       1  
2021-01-06 08:50:42.251
            71       0              65       0              59       0              55       0              52       0  
2021-01-06 08:50:42.351
            51       0              50       0              49       0              48       0              46       0  
2021-01-06 08:50:42.502
            43       0              40       0              36       0              33       0              30       0  
2021-01-06 08:50:42.551
            28       0              25       0              23       0              22       0              23       0  
2021-01-06 08:50:42.752
            37       0              64       0              87       0              91       0              83       0  
2021-01-06 08:50:42.853
            74       1              67       0              61       0              56       0              53       0  
2021-01-06 08:50:42.951
            51       0              50       0              50       0              50       0              49       0  
2021-01-06 08:50:43.053
            48       0              46       0              44       0              41       0              38       0  
2021-01-06 08:50:43.102
            36       0              33       0              31       0              29       0              29       0  
2021-01-06 08:50:43.251
            33       0              42       0              53       0              67       0              79       0  
2021-01-06 08:50:43.351
            88       0              92       0              92       0              89       0              84       0  
2021-01-06 08:50:43.451
            77       1              71       0              65       0              59       0              55       0  
2021-01-06 08:50:43.601
            53       0              52       0              51       0              51       0              51       0  
2021-01-06 08:50:43.651
            50       0              48       0              46       0              44       0              42       0  
2021-01-06 08:50:43.751
            40       0              39       0              37       0              35       0              33       0  
2021-01-06 08:50:43.952
            30       0              34       0              55       0              86       0              102       0  
2021-01-06 08:50:44.051
            99       0              89       0              80       0              72       1              64       0  
2021-01-06 08:50:44.151
            57       0              52       0              48       0              46       0              45       0  
2021-01-06 08:50:44.252
            46       0              46       0              46       0              44       0              42       0  
2021-01-06 08:50:44.355
            39       0              36       0              33       0              30       0              27       0  
2021-01-06 08:50:44.502
            25       0              23       0              21       0              20       0              20       0  
2021-01-06 08:50:44.552
            22       0              28       0              38       0              51       0              65       0  
2021-01-06 08:50:44.703
            78       0              86       0              90       0              89       0              86       0  
2021-01-06 08:50:44.804
            82       0              76       1              71       0              65       0              60       0  
2021-01-06 08:50:44.851
            57       0              54       0              53       0              53       0              53       0  
2021-01-06 08:50:44.951
            52       0              51       0              49       0              46       0              43       0  
2021-01-06 08:50:45.154
            40       0              34       0              30       0              26       0              24       0  
2021-01-06 08:50:45.252
            26       0              37       0              48       0              62       0              73       0  
2021-01-06 08:50:45.353
            81       0              84       0              83       0              80       0              75       0  
2021-01-06 08:50:45.482
            68       1              62       0              57       0              52       0              49       0  
2021-01-06 08:50:45.552
            47       0              46       0              46       0              46       0              45       0  
2021-01-06 08:50:45.651
            44       0              42       0              40       0              37       0              35       0  
2021-01-06 08:50:45.753
            32       0              29       0              27       0              25       0              23       0  
2021-01-06 08:50:45.902
            22       0              21       0              19       0              17       0              17       0  
2021-01-06 08:50:46.002
            22       0              31       0              44       0              58       0              70       0  
2021-01-06 08:50:46.052
            78       0              81       0              80       0              76       0              69       0  
2021-01-06 08:50:46.202
            62       1              55       0              48       0              43       0              41       0  
2021-01-06 08:50:46.352
            40       0              41       0              43       0              44       0              43       0  
2021-01-06 08:50:46.452
            39       0              36       0              33       0              31       0              30       0  
2021-01-06 08:50:46.552
            29       0              28       0              28       0              32       0              40       0  
2021-01-06 08:50:46.652
            51       0              63       0              74       0              81       0              83       0  
2021-01-06 08:50:46.752
            81       0              76       0              70       0              64       1              58       0  
2021-01-06 08:50:46.902
            52       0              47       0              44       0              42       0              41       0  
2021-01-06 08:50:46.951
            41       0              42       0              42       0              42       0              42       0  
2021-01-06 08:50:47.102
            41       0              40       0              38       0              37       0              36       0  
2021-01-06 08:50:47.151
            35       0              33       0              32       0              30       0              28       0  
2021-01-06 08:50:47.252
            28       0              32       0              40       0              51       0              63       0  
2021-01-06 08:50:47.352
            74       0              81       0              82       0              80       0              75       0  
2021-01-06 08:50:47.502
            69       0              63       1              52       0              45       0              44       0  
2021-01-06 08:50:47.702
            46       0              46       0              44       0              41       0              38       0  
2021-01-06 08:50:47.801
            35       0              33       0              30       0              28       0              27       0  
2021-01-06 08:50:47.904
            25       0              25       0              27       0              33       0              43       0  
2021-01-06 08:50:48.002
            55       0              67       0              76       0              81       0              81       0  
2021-01-06 08:50:48.108
            77       0              72       0              66       0              59       1              53       0  
2021-01-06 08:50:48.202
            48       0              44       0              42       0              41       0              41       0  
2021-01-06 08:50:48.309
            42       0              43       0              42       0              41       0              40       0  
2021-01-06 08:50:48.410
            38       0              36       0              33       0              31       0              29       0  
2021-01-06 08:50:48.503
            27       0              25       0              23       0              23       0              26       0  
2021-01-06 08:50:48.552
            32       0              43       0              56       0              68       0              77       0  
2021-01-06 08:50:48.754
            82       0              81       0              74       0              61       1              49       0  
2021-01-06 08:50:48.902
            42       0              40       0              41       0              42       0              41       0  
2021-01-06 08:50:49.002
            40       0              38       0              35       0              32       0              29       0  
2021-01-06 08:50:49.102
            27       0              24       0              21       0              19       0              19       0  
2021-01-06 08:50:49.201
            22       0              30       0              42       0              56       0              69       0  
2021-01-06 08:50:49.301
            78       0              83       0              82       0              78       0              72       0  
2021-01-06 08:50:49.401
            65       0              58       1              52       0              47       0              44       0  
2021-01-06 08:50:49.502
            43       0              43       0              44       0              45       0              46       0  
2021-01-06 08:50:49.601
            45       0              44       0              43       0              40       0              38       0  
2021-01-06 08:50:49.652
            35       0              32       0              30       0              29       0              30       0  
2021-01-06 08:50:49.906
            36       0              46       0              59       0              73       0              85       0  
2021-01-06 08:50:49.951
            91       0              92       0              89       0              75       0              60       1  
2021-01-06 08:50:50.102
            50       0              47       0              49       0              49       0              48       0  
2021-01-06 08:50:50.202
            46       0              43       0              40       0              38       0              35       0  
2021-01-06 08:50:50.301
            33       0              30       0              28       0              27       0              27       0  
2021-01-06 08:50:50.402
            31       0              41       0              54       0              70       0              86       0  
2021-01-06 08:50:50.502
            97       0              102       0              101       0              97       0              91       0  
2021-01-06 08:50:50.602
            85       0              77       1              71       0              64       0              59       0  
2021-01-06 08:50:50.701
            56       0              54       0              53       0              53       0              52       0  
2021-01-06 08:50:50.803
            51       0              49       0              47       0              44       0              41       0  
2021-01-06 08:50:50.906
            38       0              35       0              33       0              31       0              30       0  
2021-01-06 08:50:51.001
            30       0              33       0              42       0              54       0              69       0  
2021-01-06 08:50:51.152
            84       0              95       0              100       0              99       0              88       0  
2021-01-06 08:50:51.302
            75       1              62       0              54       0              51       0              51       0  
2021-01-06 08:50:51.402
            50       0              48       0              46       0              43       0              40       0  
2021-01-06 08:50:51.502
            37       0              34       0              32       0              29       0              27       0  
2021-01-06 08:50:51.602
            26       0              24       0              24       0              27       0              35       0  
2021-01-06 08:50:51.701
            48       0              63       0              79       0              91       0              96       0  
2021-01-06 08:50:51.802
            96       0              92       0              87       0              81       0              76       1  
2021-01-06 08:50:51.902
            71       0              67       0              62       0              58       0              55       0  
2021-01-06 08:50:52.005
            53       0              52       0              52       0              51       0              49       0  
2021-01-06 08:50:52.102
            46       0              43       0              40       0              37       0              35       0  
2021-01-06 08:50:52.202
            33       0              30       0              28       0              27       0              25       0  
2021-01-06 08:50:52.353
            24       0              23       0              26       0              32       0              58       0  
2021-01-06 08:50:52.551
            84       0              92       0              85       0              72       1              63       0  
2021-01-06 08:50:52.651
            58       0              54       0              51       0              50       0              49       0  
2021-01-06 08:50:52.751
            48       0              47       0              46       0              44       0              41       0  
2021-01-06 08:50:52.852
            38       0              35       0              33       0              30       0              28       0  
2021-01-06 08:50:52.951
            26       0              25       0              24       0              23       0              22       0  
2021-01-06 08:50:53.001
            21       0              22       0              25       0              33       0              45       0  
2021-01-06 08:50:53.151
            60       0              74       0              85       0              91       0              91       0  
2021-01-06 08:50:53.301
            87       0              82       0              76       0              69       1              63       0  
2021-01-06 08:50:53.351
            57       0              53       0              49       0              48       0              47       0  
2021-01-06 08:50:53.451
            47       0              46       0              45       0              44       0              41       0  
2021-01-06 08:50:53.552
            38       0              36       0              33       0              30       0              27       0  
2021-01-06 08:50:53.753
            24       0              21       0              18       0              17       0              30       0  
2021-01-06 08:50:53.851
            42       0              56       0              68       0              76       0              79       0  
2021-01-06 08:50:53.952
            79       0              75       0              71       0              66       1              62       0  
2021-01-06 08:50:54.052
            59       0              57       0              57       0              60       0              64       0  
2021-01-06 08:50:54.101
            68       0              73       0              76       0              76       0              74       0  
2021-01-06 08:50:54.252
            68       0              62       0              55       0              50       0              45       0  
2021-01-06 08:50:54.351
            42       0              40       0              39       0              40       0              43       0  
2021-01-06 08:50:54.451
            51       0              62       0              76       0              90       0              101       0  
2021-01-06 08:50:54.551
            106       0              106       0              102       0              96       0              90       0  
2021-01-06 08:50:54.651
            83       1              76       0              69       0              62       0              57       0  
2021-01-06 08:50:54.751
            53       0              51       0              51       0              50       0              49       0  
2021-01-06 08:50:54.951
            46       0              41       0              37       0              34       0              31       0  
2021-01-06 08:50:55.052
            31       0              35       0              42       0              52       0              63       0  
2021-01-06 08:50:55.202
            72       0              79       0              82       0              83       0              81       0  
2021-01-06 08:50:55.204
            78       0              73       1              67       0              61       0              56       0  
2021-01-06 08:50:55.353
            51       0              48       0              46       0              46       0              46       0  
2021-01-06 08:50:55.451
            46       0              47       0              48       0              48       0              47       0  
2021-01-06 08:50:55.551
            46       0              43       0              38       0              32       0              26       0  
2021-01-06 08:50:55.652
            20       0              17       0              18       0              23       0              33       0  
2021-01-06 08:50:55.751
            45       0              57       0              66       0              70       0              72       0  
2021-01-06 08:50:55.852
            70       0              68       0              65       0              62       1              59       0  
2021-01-06 08:50:56.001
            56       0              53       0              51       0              50       0              50       0  
2021-01-06 08:50:56.152
            50       0              50       0              49       0              47       0              43       0  
2021-01-06 08:50:56.251
            39       0              38       0              41       0              49       0              58       0  
2021-01-06 08:50:56.352
            66       0              73       0              76       0              74       0              69       0  
2021-01-06 08:50:56.455
            64       0              59       1              54       0              49       0              44       0  
2021-01-06 08:50:56.553
            41       0              39       0              39       0              41       0              45       0  
2021-01-06 08:50:56.651
            49       0              55       0              59       0              62       0              61       0  
2021-01-06 08:50:56.751
            58       0              54       0              51       0              46       0              39       0  
2021-01-06 08:50:56.852
            32       0              25       0              20       0              21       0              28       0  
2021-01-06 08:50:56.952
            39       0              52       0              62       0              69       0              72       0  
2021-01-06 08:50:57.052
            72       0              71       0              67       0              63       0              59       1  
2021-01-06 08:50:57.152
            55       0              51       0              49       0              48       0              47       0  
2021-01-06 08:50:57.302
            48       0              48       0              47       0              43       0              36       0  
2021-01-06 08:50:57.453
            28       0              24       0              32       0              44       0              58       0  
2021-01-06 08:50:57.556
            73       0              85       0              91       0              92       0              89       0  
2021-01-06 08:50:57.752
            84       0              78       0              72       1              65       0              59       0  
2021-01-06 08:50:57.755
            54       0              49       0              46       0              45       0              44       0  
2021-01-06 08:50:57.901
            43       0              42       0              40       0              39       0              36       0  
2021-01-06 08:50:57.951
            33       0              30       0              27       0              23       0              19       0  
2021-01-06 08:50:58.052
            16       0              14       0              15       0              21       0              32       0  
2021-01-06 08:50:58.151
            47       0              63       0              76       0              84       0              86       0  
2021-01-06 08:50:58.252
            84       0              79       0              73       0              66       1              60       0  
2021-01-06 08:50:58.351
            54       0              49       0              44       0              41       0              39       0  
2021-01-06 08:50:58.502
            38       0              37       0              34       0              26       0              15       0  
2021-01-06 08:50:58.702
            0       0              0       0              0       0              0       0              0       0  
2021-01-06 08:50:58.801
            0       0              5       0              34       0              58       0              75       0  
2021-01-06 08:50:58.851
            86       0              95       0              100       0              103       0              103       0  
2021-01-06 08:50:59.002
            102       0              100       0              98       1              95       0              91       0  
2021-01-06 08:50:59.052
            87       0              83       0              79       0              76       0              72       0  
2021-01-06 08:50:59.151
            68       0              63       0              55       0              46       0              38       0  
2021-01-06 08:50:59.251
            29       0              23       0              21       0              26       0              37       0  
2021-01-06 08:50:59.352
            54       0              73       0              92       0              106       0              114       0  
2021-01-06 08:50:59.452
            116       0              115       0              112       0              108       1              103       0  
2021-01-06 08:50:59.551
            97       0              91       0              86       0              78       0              71       0  
2021-01-06 08:50:59.754
            65       0              59       0              53       0              48       0              44       0  
2021-01-06 08:50:59.902
            38       0              27       0              18       0              16       0              18       0  
2021-01-06 08:51:00.051
            19       0              19       0              17       0              12       0              3       0  
2021-01-06 08:51:00.101
            0       0              0       0              0       0              0       0              0       0  
2021-01-06 08:51:00.201
            0       0              0       0              0       0              0       0              0       0  
2021-01-06 08:51:00.301
            0       0              0       0              0       0              0       0              0       0  
2021-01-06 08:51:00.401
            0       0              0       0              0       0              0       0              0       0  
2021-01-06 08:51:00.501
            0       0              0       0              0       0              0       0              0       0  
2021-01-06 08:51:00.604
            0       0              0       0              0       0              0       0              0       0  
2021-01-06 08:51:00.651
            0       0              0       0              0       0              0       0              0       0  
2021-01-06 08:51:00.802
            0       0              0       0              0       0              0       0              0       0  
2021-01-06 08:51:00.901
            0       0              0       0              0       0              0       0              0       0  
2021-01-06 08:51:01.152
            0       0              2       0              15       0              44       0              69       0  
2021-01-06 08:51:01.202
            94       0              118       0              127       0              127       0              127       0  
2021-01-06 08:51:01.301
            127       0              127       0              127       0              127       0              127       0  
2021-01-06 08:51:01.401
            127       0              127       0              127       0              127       0              127       0  
2021-01-06 08:51:01.502
            127       0              127       0              127       0              127       0              127       0  
2021-01-06 08:51:01.601
            127       0              127       0              127       0              127       0              127       0  
2021-01-06 08:51:01.702
            127       0              127       0              127       0              127       0              127       0  
2021-01-06 08:51:01.751
            127       0              127       0              127       0              127       0              127       0  
2021-01-06 08:51:01.902
            127       0              127       0              127       0              126       0              122       0  
2021-01-06 08:51:02.102
            118       1              115       0              112       0              109       0              106       0  
2021-01-06 08:51:02.104
            103       0              100       0              90       0              81       0              65       0  
2021-01-06 08:51:02.301
            57       0              58       0              60       0              62       0              62       0  
2021-01-06 08:51:02.401
            62       0              61       0              60       0              59       0              59       0  
2021-01-06 08:51:02.501
            58       0              57       0              56       0              56       0              56       0  
2021-01-06 08:51:02.652
            55       0              55       0              55       0              55       0              54       0  
2021-01-06 08:51:02.701
            54       0              53       0              53       0              52       0              52       0  
2021-01-06 08:51:02.852
            51       0              51       0              51       0              52       0              52       0  
2021-01-06 08:51:02.902
            53       0              54       0              55       0              56       0              56       0  
2021-01-06 08:51:03.006
            56       0              55       0              54       0              53       0              52       0  
2021-01-06 08:51:03.102
            51       0              51       0              51       0              50       0              50       0  
2021-01-06 08:51:03.203
            50       0              50       0              50       0              50       0              50       0  
2021-01-06 08:51:03.302
            49       0              48       0              46       0              43       0              40       0  
2021-01-06 08:51:03.501
            39       0              43       0              48       0              50       0              50       0  
2021-01-06 08:51:03.651
            50       0              49       0              49       1              49       0              49       0  
2021-01-06 08:51:03.703
            49       0              49       0              50       0              51       0              52       0  
2021-01-06 08:51:03.802
            52       0              53       0              53       0              53       0              53       0  
2021-01-06 08:51:03.951
            53       0              52       1              52       0              51       0              51       0  
2021-01-06 08:51:04.002
            52       0              53       0              55       0              56       0              57       0  
2021-01-06 08:51:04.105
            57       0              56       0              55       0              53       0              52       0  
2021-01-06 08:51:04.202
            51       1              50       0              50       0              50       0              50       0  
2021-01-06 08:51:04.302
            51       0              51       0              51       0              51       0              52       0  
2021-01-06 08:51:04.401
            52       0              52       0              51       0              51       0              51       0  
2021-01-06 08:51:04.501
            51       0              50       0              50       0              50       0              50       0  
2021-01-06 08:51:04.701
            54       0              58       0              53       0              39       0              31       1  
2021-01-06 08:51:04.852
            29       0              29       0              30       0              32       0              36       0  
2021-01-06 08:51:04.951
            40       0              44       0              48       0              52       0              56       0  
2021-01-06 08:51:05.052
            57       0              58       0              56       0              54       0              50       0  
2021-01-06 08:51:05.101
            46       1              43       0              42       0              42       0              44       0  
2021-01-06 08:51:05.253
            45       0              44       0              40       0              32       0              23       0  
2021-01-06 08:51:05.351
            13       0              3       0              0       0              0       0              0       0  
2021-01-06 08:51:05.451
            0       0              0       0              0       0              0       0              0       0  
2021-01-06 08:51:05.552
            0       0              0       0              0       0              0       0              0       0  
2021-01-06 08:51:05.702
            0       0              0       0              0       0              0       0              0       0  
2021-01-06 08:51:05.751
            0       0              0       0              0       0              0       0              0       0  
2021-01-06 08:51:05.902
            0       0              0       0              10       0              12       0              12       0  
2021-01-06 08:51:06.052
            11       0              11       0              13       0              19       0              26       0  
2021-01-06 08:51:06.152
            34       0              44       0              52       0              58       0              63       0  
2021-01-06 08:51:06.202
            67       0              71       0              74       0              77       0              80       0  
2021-01-06 08:51:06.353
            84       0              91       0              100       0              111       0              122       0  
2021-01-06 08:51:06.452
            127       0              127       0              127       0              127       0              127       0  
2021-01-06 08:51:06.552
            127       0              127       0              127       0              122       0              116       0  
2021-01-06 08:51:06.651
            111       1              106       0              103       0              101       0              99       0  
2021-01-06 08:51:06.751
            97       0              93       0              90       0              86       0              82       0  
2021-01-06 08:51:06.852
            78       0              75       0              71       0              67       0              63       0  
2021-01-06 08:51:06.952
            60       0              57       0              57       0              59       0              62       0  
2021-01-06 08:51:07.101
            65       0              67       0              65       0              59       0              56       0  
2021-01-06 08:51:07.252
            54       0              52       0              52       0              52       0              53       0  
2021-01-06 08:51:07.301
            54       0              54       0              54       0              54       0              53       0  
2021-01-06 08:51:07.453
            52       0              52       0              51       0              51       0              50       0  
2021-01-06 08:51:07.552
            50       0              50       0              51       0              53       0              56       0  
2021-01-06 08:51:07.652
            59       0              62       0              63       0              62       0              61       0  
2021-01-06 08:51:07.802
            59       0              57       0              55       0              53       1              52       0  
2021-01-06 08:51:07.851
            51       0              50       0              50       0              51       0              52       0  
2021-01-06 08:51:07.951
            52       0              52       0              52       0              51       0              51       0  
2021-01-06 08:51:08.051
            50       0              49       0              49       0              48       0              47       0  
2021-01-06 08:51:08.151
            46       0              46       0              46       0              47       0              49       0  
2021-01-06 08:51:08.301
            52       0              55       0              58       0              58       0              54       0  
2021-01-06 08:51:08.452
            52       1              50       0              50       0              51       0              52       0  
2021-01-06 08:51:08.556
            53       0              54       0              54       0              54       0              54       0  
2021-01-06 08:51:08.651
            54       0              53       0              52       0              51       0              49       0  
2021-01-06 08:51:08.751
            49       0              50       0              53       0              57       0              62       0  
2021-01-06 08:51:08.852
            68       0              71       0              72       0              71       0              68       0  
2021-01-06 08:51:08.951
            63       0              59       0              56       0              54       1              53       0  
2021-01-06 08:51:09.052
            53       0              53       0              52       0              51       0              50       0  
2021-01-06 08:51:09.151
            49       0              48       0              48       0              48       0              48       0  
2021-01-06 08:51:09.252
            47       0              46       0              46       0              47       0              49       0  
2021-01-06 08:51:09.352
            52       0              54       0              54       0              54       0              52       0  
2021-01-06 08:51:10.151
            51       0              50       0              49       0              47       0              43       0  
2021-01-06 08:51:10.154
            41       0              32       0              24       0              20       0              19       0  
2021-01-06 08:51:10.155
            18       0              17       0              15       0              13       0              13       0  
2021-01-06 08:51:10.157
            16       0              24       0              35       0              47       0              59       0  
2021-01-06 08:51:10.158
            69       0              76       0              80       0              82       0              80       0  
2021-01-06 08:51:10.159
            74       0              64       1              53       0              43       0              36       0  
2021-01-06 08:51:10.161
            32       0              31       0              32       0              32       0              32       0  
2021-01-06 08:51:10.252
            32       0              31       0              31       0              30       0              29       0  
2021-01-06 08:51:10.352
            29       0              30       0              33       0              40       0              49       0  
2021-01-06 08:51:10.452
            59       0              68       0              73       0              75       0              74       0  
2021-01-06 08:51:10.552
            73       0              71       1              70       0              69       0              69       0  
2021-01-06 08:51:10.707
            69       0              70       0              72       0              76       0              76       0  
2021-01-06 08:51:10.852
            69       0              60       0              59       0              63       0              69       0  
2021-01-06 08:51:10.951
            77       0              86       0              94       0              99       0              102       0  
2021-01-06 08:51:11.051
            101       0              98       0              93       0              88       0              82       1  
2021-01-06 08:51:11.151
            76       0              71       0              66       0              62       0              59       0  
2021-01-06 08:51:11.252
            57       0              55       0              53       0              50       0              47       0  
2021-01-06 08:51:11.351
            43       0              39       0              35       0              31       0              27       0  
2021-01-06 08:51:11.451
            24       0              25       0              29       0              36       0              44       0  
2021-01-06 08:51:11.601
            52       0              56       0              57       0              56       0              53       0  
2021-01-06 08:51:11.651
            49       0              45       1              41       0              37       0              33       0  
2021-01-06 08:51:11.803
            29       0              26       0              24       0              23       0              22       0  
2021-01-06 08:51:11.901
            22       0              21       0              20       0              19       0              15       0  
2021-01-06 08:51:12.101
            11       0              12       0              26       0              46       0              56       0  
2021-01-06 08:51:12.201
            58       0              57       0              55       0              53       0              50       0  
2021-01-06 08:51:12.351
            47       1              44       0              41       0              39       0              37       0  
2021-01-06 08:51:12.400
            36       0              36       0              35       0              35       0              34       0  
2021-01-06 08:51:12.501
            33       0              32       0              31       0              29       0              28       0  
2021-01-06 08:51:12.601
            27       0              28       0              33       0              39       0              48       0  
2021-01-06 08:51:12.700
            56       0              62       0              66       0              66       0              65       0  
2021-01-06 08:51:12.755
            63       0              60       0              56       1              53       0              50       0  
2021-01-06 08:51:12.905
            47       0              45       0              43       0              42       0              42       0  
